# Recorded by android/tools/wake_fixtures.py with pyopen-wakeword 1.1.0: per fixture, the
# 80 ms chunks where the phrase was confirmed (score >= 0.8 in 1 consecutive chunks,
# then a reset), and each chunk's highest score (- where a chunk completed no window).
hey_hermes_libritts.wav detections=16
hey_hermes_libritts.wav scores=0.00033 0.00033 0.00033 0.00033 0.00033 0.00033 0.00033 0.00033 0.00032 0.00032 0.00031 0.00029 0.00029 0.00028 0.00028 0.00031 0.89954 0.00033 0.00033 0.00033 0.00033 0.00033 0.00033 0.00033 0.00033 0.00033 0.00033 0.00033 0.00033
hey_hermes_ljspeech.wav detections=16
hey_hermes_ljspeech.wav scores=0.00033 0.00033 0.00033 0.00033 0.00033 0.00033 0.00033 0.00032 0.00032 0.00032 0.00030 0.00029 0.00028 0.00028 0.00028 0.00036 0.95029 0.00033 0.00032 0.00032 0.00032 0.00030 0.00030 0.00029 0.00030 0.00029 0.00029 0.00029 0.00029 0.00030 0.00032 0.00034
near_miss.wav detections=
near_miss.wav scores=0.00033 0.00033 0.00033 0.00033 0.00033 0.00033 0.00033 0.00032 0.00032 0.00032 0.00031 0.00030 0.00029 0.00028 0.00027 0.00026 0.00025 0.00024 0.00025 0.00167 0.06609 0.00134 0.00032 0.00030 0.00030 0.00029 0.00028 0.00029 0.00028 0.00027 0.00027 0.00027 0.00028 0.00031 0.00036 0.00041 0.00040 0.00037 0.00032 0.00030 0.00030 0.00031 0.00031 0.00029 0.00028 0.00030 0.00028 0.00029 0.00031 0.00125 0.01227 0.00093 0.00031 0.00028 0.00027 0.00026 0.00027 0.00028 0.00028 0.00028 0.00027 0.00027 0.00028 0.00029 0.00030 0.00031 0.00032 0.00031 0.00030 0.00030 0.00030 0.00030 0.00031 0.00032
unrelated_speech.wav detections=
unrelated_speech.wav scores=0.00033 0.00033 0.00033 0.00033 0.00033 0.00033 0.00033 0.00032 0.00032 0.00032 0.00031 0.00030 0.00028 0.00028 0.00028 0.00027 0.00026 0.00026 0.00026 0.00025 0.00026 0.00028 0.00030 0.00030 0.00029 0.00029 0.00029 0.00028 0.00028 0.00028 0.00028 0.00029 0.00028 0.00028 0.00028 0.00028 0.00030 0.00033 0.00031 0.00029 0.00028 0.00028 0.00028 0.00028 0.00030 0.00030 0.00029 0.00028 0.00027 0.00026 0.00025 0.00025 0.00027 0.00029 0.00029 0.00027 0.00028 0.00031 0.00030 0.00030 0.00031 0.00031 0.00032 0.00032 0.00031 0.00032 0.00032 0.00031 0.00029 0.00028 0.00027 0.00027 0.00026 0.00024 0.00024 0.00023 0.00026 0.00025 0.00028 0.00029 0.00029 0.00030 0.00029 0.00029 0.00029 0.00028 0.00029 0.00029 0.00030 0.00028 0.00028 0.00029 0.00030 0.00030 0.00031 0.00031 0.00032 0.00035 0.00037 0.00037
